5 1 2 9 3 7 8 6 4
3 4 6 1 5 8 2 9 7
7 8 9 2 6 4 1 5 3
4 9 7 5 1 2 6 3 8
2 5 8 3 4 6 9 7 1
1 6 3 7 8 9 4 2 5
8 7 4 6 9 3 5 1 2
9 2 5 8 7 1 3 4 6
6 3 1 4 2 5 7 8 9

5 1 2 8 3 7 9 6 4
3 4 6 1 5 9 2 8 7
7 9 8 2 6 4 1 5 3
4 8 7 5 1 2 6 3 9
2 5 9 3 4 6 8 7 1
1 6 3 7 9 8 4 2 5
9 7 4 6 8 3 5 1 2
8 2 5 9 7 1 3 4 6
6 3 1 4 2 5 7 9 8

5 1 2 9 3 8 7 6 4
3 4 6 1 5 7 2 9 8
8 7 9 2 6 4 1 5 3
4 9 8 5 1 2 6 3 7
2 5 7 3 4 6 9 8 1
1 6 3 8 7 9 4 2 5
7 8 4 6 9 3 5 1 2
9 2 5 7 8 1 3 4 6
6 3 1 4 2 5 8 7 9

5 1 2 7 3 8 9 6 4
3 4 6 1 5 9 2 7 8
8 9 7 2 6 4 1 5 3
4 7 8 5 1 2 6 3 9
2 5 9 3 4 6 7 8 1
1 6 3 8 9 7 4 2 5
9 8 4 6 7 3 5 1 2
7 2 5 9 8 1 3 4 6
6 3 1 4 2 5 8 9 7

5 1 2 8 3 9 7 6 4
3 4 6 1 5 7 2 8 9
9 7 8 2 6 4 1 5 3
4 8 9 5 1 2 6 3 7
2 5 7 3 4 6 8 9 1
1 6 3 9 7 8 4 2 5
7 9 4 6 8 3 5 1 2
8 2 5 7 9 1 3 4 6
6 3 1 4 2 5 9 7 8

5 1 2 7 3 9 8 6 4
3 4 6 1 5 8 2 7 9
9 8 7 2 6 4 1 5 3
4 7 9 5 1 2 6 3 8
2 5 8 3 4 6 7 9 1
1 6 3 9 8 7 4 2 5
8 9 4 6 7 3 5 1 2
7 2 5 8 9 1 3 4 6
6 3 1 4 2 5 9 8 7